[gd_scene load_steps=7 format=3 uid="uid://b0cs1sowu5s40"]

[ext_resource type="Script" path="res://scripts/chapter_1.gd" id="1_7338h"]
[ext_resource type="Script" uid="uid://dgpdnfijmh76q" path="res://scripts/line_canvas_2d.gd" id="2_6pf0a"]

[sub_resource type="Environment" id="Environment_black_bg"]
background_mode = 1
ambient_light_source = 2
ambient_light_color = Color(0.22, 0.24, 0.28, 1)
ambient_light_energy = 0.32

[sub_resource type="SphereMesh" id="SphereMesh_c6h16"]
radius = 1.0
height = 2.0

[sub_resource type="StandardMaterial3D" id="StandardMaterial3D_marker_red"]
albedo_color = Color(1, 0.08, 0.08, 1)
emission_enabled = true
emission = Color(0.9, 0, 0, 1)

[sub_resource type="SphereMesh" id="SphereMesh_marker"]
radius = 0.08
height = 0.16

[node name="Chapter1" type="Control"]
layout_mode = 3
anchors_preset = 15
anchor_right = 1.0
anchor_bottom = 1.0
grow_horizontal = 2
grow_vertical = 2
script = ExtResource("1_7338h")

[node name="Chapter1Split" type="HSplitContainer" parent="."]
layout_mode = 1
anchors_preset = 15
anchor_right = 1.0
anchor_bottom = 1.0
grow_horizontal = 2
grow_vertical = 2

[node name="Left3D" type="SubViewportContainer" parent="Chapter1Split"]
custom_minimum_size = Vector2(320, 0)
layout_mode = 2
size_flags_horizontal = 3
stretch = true

[node name="LeftViewport" type="SubViewport" parent="Chapter1Split/Left3D"]
handle_input_locally = false
size = Vector2i(634, 720)
render_target_update_mode = 4

[node name="World3D" type="Node3D" parent="Chapter1Split/Left3D/LeftViewport"]

[node name="WorldEnvironment" type="WorldEnvironment" parent="Chapter1Split/Left3D/LeftViewport/World3D"]
environment = SubResource("Environment_black_bg")

[node name="DirectionalLight3D" type="DirectionalLight3D" parent="Chapter1Split/Left3D/LeftViewport/World3D"]
transform = Transform3D(0.5557487, -0.48444647, 0.67561454, 0.20931953, 0.86802953, 0.45023376, -0.8045675, -0.1087973, 0.5838104, 1.9191732, 2, 2.2687242)
light_energy = 0.7
light_angular_distance = 2.2
shadow_enabled = true

[node name="DirectionalLight3D2" type="DirectionalLight3D" parent="Chapter1Split/Left3D/LeftViewport/World3D"]
transform = Transform3D(0.69644785, -0.56522423, 0.4421335, 0.37965378, 0.81305045, 0.44137517, -0.60895276, -0.13953714, 0.7808367, 1.7796009, 3.489261, 3.0154767)
light_color = Color(0.87, 0.91, 1, 1)
light_energy = 0.35

[node name="Camera3D" type="Camera3D" parent="Chapter1Split/Left3D/LeftViewport/World3D"]
transform = Transform3D(1, 0, 0, 0, 0.961262, 0.275637, 0, -0.275637, 0.961262, 0, 1.2, 4.5)
current = true
fov = 60.0

[node name="ModelRoot" type="Node3D" parent="Chapter1Split/Left3D/LeftViewport/World3D"]

[node name="Dodecahedron" type="MeshInstance3D" parent="Chapter1Split/Left3D/LeftViewport/World3D/ModelRoot"]
mesh = SubResource("SphereMesh_c6h16")

[node name="Marker" type="MeshInstance3D" parent="Chapter1Split/Left3D/LeftViewport/World3D/ModelRoot/Dodecahedron"]
transform = Transform3D(1, 0, 0, 0, 1, 0, 0, 0, 1, 1.05, 0, 0)
material_override = SubResource("StandardMaterial3D_marker_red")
mesh = SubResource("SphereMesh_marker")

[node name="RightPanel" type="ColorRect" parent="Chapter1Split"]
custom_minimum_size = Vector2(320, 0)
layout_mode = 2
size_flags_horizontal = 3
color = Color(0.04, 0.04, 0.05, 1)

[node name="LineCanvas" type="Control" parent="Chapter1Split/RightPanel"]
layout_mode = 1
anchors_preset = 15
anchor_right = 1.0
anchor_bottom = 1.0
grow_horizontal = 2
grow_vertical = 2
script = ExtResource("2_6pf0a")
